-5.81489
-7.77673
0.146544
-6.45585
-4.73072
-3.63289
0.128499
-3.73313
-3.78525
-5.18668
0.62738
-4.32457
-4.73808
0
-5.81278
-7.86687
10.8924
-4.69241
-14.6529
-4.614
-4.57934
2.32946
-7.11674
-2.2725
-5.1928
-5.21278
-2.46323
-5.53808
-9.57484
-6.45432
-3.62975
-4.5689
-3.942
-14.2222
-9.54294
-1.92275
-4.25607
-10.1467
-5.02273
-2.32246
-8.41408
-3.6458
-7.38327
1.15989
-0.534798
0.008584
-4.95825
-14.7067
-4.7373
0.131834
-3.68857
-3.75497
0.657987
-4.30258
-4.67953
-4.25002
-3.14227
-1.44687
-5.705
-1.79514
-6.34634
-4.592
-4.93756
-2.2915
-0.652386
0
0
-12.7408
-2.20206
-2.00351
0.614952
-5.04
1.08987
1.50241
-3.44045
1.3163
1.00449
0.846053
-4.559
-9.32546
-4.906
0
0
1.16419
-0.34144
-2.457
-2.418
0
-1.213
0
-2.205
-2.125
-7.70266
-11.2568
0.251636
-9.06178
-6.97277
-5.15144
0.173101
-4.86832
-4.44424
-6.74637
0.914273
-6.05549
-6.41875
-4.07242
-8.17145
-12.5703
15.8278
-6.45116
-21.1015
-6.856
-6.11488
3.2821
-8.02644
-3.115
-7.55544
-7.75946
-3.36077
-7.80835
-14.9558
-9.17055
-5.22533
-6.9125
-6.351
-21.1314
-14.7536
-2.78877
-5.97597
-14.8906
-6.76844
-3.1951
-11.3181
-5.44076
-11.2946
1.58216
-0.761127
0.012816
-8.05148
-20.8682
-6.52777
0.173333
-4.81387
-4.47669
0.918972
-6.03822
-6.39551
-5.95326
-4.23646
-2.06749
-8.35339
-2.51904
-9.83207
-6.352
-6.68354
-3.122
-0.987399
0
-5.22126
-16.3631
-2.70667
-2.5331
0.837164
-6.812
1.57567
2.28474
-5.0593
1.96836
1.49166
1.14111
-6.601
-13.9452
-6.922
0
0
1.57672
-0.45152
-5.203
-5.441
0
-1.563
-3.631
-2.974
-2.999
-8.94357
-11.8697
0.263332
-10.2108
-7.64572
-5.52401
0.187717
0
-4.95832
-6.72009
1.04991
-6.55868
0
-4.97278
-8.56878
-13.2235
17.6557
0
-22.2321
-7.304
-7.04248
3.58813
-9.52404
-3.414
-7.94205
-7.99075
-3.81184
-9.16297
0
-9.61177
-5.36838
-7.82428
-6.365
-23.3747
-15.5763
-3.25038
-6.81772
-12.6416
-6.76739
-3.55333
-13.007
-6.37176
-10.1792
1.76032
-0.857364
0.012928
-8.025
-23.2191
-6.93999
0.192357
-5.22637
-4.46371
1.03238
-6.54141
-7.97803
-6.45254
-4.73879
0
-6.96708
-2.56791
-10.674
-6.86
-7.31873
-3.2675
-1.16365
0
-6.171
-17.9537
-3.2528
-2.95411
0.98112
0
1.66656
2.63083
-5.6327
1.94094
1.57477
1.26644
-7.274
-14.9246
-7.173
0
0
1.74026
-0.522816
-5.059
-5.398
0
-1.813
-4.011
-3.581
-3.662
-10.5057
-12.3293
0.189544
-10.5953
0
-6.04355
0.204218
-5.63805
-5.32891
-7.49678
1.10223
-7.20787
-7.85576
-5.03459
-9.91433
-13.3298
17.0011
-7.13862
-22.935
-8.02
-7.87343
3.76084
-10.0258
0
-8.99
-9.06046
-3.80672
-9.79524
-16.4303
-10.485
-5.84941
-8.22046
-6.351
-23.1713
-15.6691
-3.54427
-7.23996
-13.3778
-7.67125
-3.89242
-13.5942
-6.25725
-11.5001
1.86841
-0.884781
0.013634
-8.04518
-22.5312
-7.24757
0.203667
-5.62897
-5.30368
1.10236
-7.09954
-7.89365
-6.90426
-5.44019
-2.32032
-7.50445
-2.51084
-10.8376
-7.332
-7.57739
-3.633
-1.14733
0
-5.53872
-18.6387
-3.3598
-3.05917
0.986522
-8.174
1.84384
2.58576
-6.00574
2.03983
1.59669
1.34616
-7.585
-17.118
-8.208
0
0
1.85779
-0.541056
-3.878
-4.005
0
-1.88
-3.786
-3.674
-3.632
-8.24507
-10.445
0.162454
-8.42906
-6.67814
-4.80167
0.166895
-4.63072
-4.49904
-6.06112
0.886587
-5.72736
-6.46439
-4.12547
-8.36616
-10.8788
14.2989
-5.89975
-19.2261
-6.189
-6.42958
3.03303
-8.20763
-3.335
-7.44455
-7.54703
-3.25632
-7.83128
-13.9549
-8.64508
-4.94394
-6.50628
-5.556
-19.8543
-13.4236
-2.75209
-6.0424
-12.9491
-6.15045
-2.96681
-11.531
-5.37466
-9.5343
1.56361
-0.740592
0.011728
0
-19.5312
-5.94147
0.163908
-4.86832
-4.27192
0.901573
-5.73992
-6.41531
-6.27184
0
-2.02374
-7.45515
-2.14578
-8.4043
0
0
-3.3215
-0.919926
0
-4.35138
-16.0055
-2.72379
0
0.82344
-6.967
1.01144
2.13614
-4.92386
1.52959
1.26402
1.22189
-6.504
-13.5043
-6.868
0
0
1.59914
-0.485632
-2.923
-3.037
0
-1.314
-2.811
-2.85
-2.918
-5.77222
-8.55261
0.133214
-6.41755
-4.84456
-3.59674
0.128441
-3.95175
-3.55813
-4.81883
0.627507
-4.24293
-4.36785
-2.94724
-6.41748
-6.92793
10.6999
-4.82576
-13.9769
-4.751
-4.22995
2.22402
-6.67962
-2.424
-4.78221
-5.43024
-2.27174
-5.87223
-9.99671
-6.40223
-3.53464
-5.05325
-3.739
-13.7107
-9.99864
-2.14329
-4.57639
-10.4577
-4.72214
-2.36251
-8.44424
-3.89344
-6.81543
1.19515
-0.529026
0.009058
-4.62409
-14.5093
-4.65432
0.131718
-3.9039
-3.574
0.624332
-4.27747
-4.40143
-4.33466
-3.20774
-1.47833
-5.8736
-1.82598
-5.66035
-5.232
-5.48305
-2.3755
-0.68943
0
-3.41154
-12.2996
-1.97222
-1.93883
0.634224
-4.917
1.15063
1.57766
-3.58222
1.29581
0.943516
0.852999
-4.716
-9.18611
-4.991
0
0
1.18496
-0.340416
-1.797
-2.102
0
-1.318
-2.674
-2.661
-2.747
-7.16137
-9.9919
0.186878
-8.0384
-6.22951
-4.43461
0.155005
0
-4.59565
-5.96442
0.767461
-5.27599
-5.68174
-3.68405
-7.74562
-9.31796
13.71
-5.68711
-18.1673
-5.923
-5.62341
2.85911
-7.59566
-2.993
-6.31268
-7.15233
-3.06586
-6.97297
0
-7.99857
-4.44404
-6.20942
-4.714
-18.1225
-12.172
-2.49194
-5.88133
-11.6489
0
-2.95836
-9.97343
-4.81699
-8.01601
1.44064
-0.665778
0.011348
-5.95822
-18.0507
-5.74664
0.154222
-4.53337
-4.46443
0.790575
-5.30896
-5.64385
-5.25427
-3.98262
-1.80638
-6.58845
-2.19071
-7.37722
-6.213
-6.45826
-3.0425
-0.829962
0
-4.18704
-14.5729
-2.50423
-2.28379
0.75263
-6.558
1.37074
1.8718
-4.3457
1.53015
1.13187
1.08373
-5.97
-11.4521
-6.206
0
0
1.42922
-0.39904
0
-2.567
0
-1.557
-3.258
-3.021
-3.029
-6.48645
-9.31219
0.167614
-6.9369
-5.39698
0
0.145348
-4.09283
-3.56679
-5.59657
0.754507
-4.67311
-5.25038
-3.40562
-6.75783
-9.47822
11.9343
-5.20328
-15.7057
-5.959
-5.08651
2.88577
-7.54372
-2.802
-6.26173
-6.27369
-2.8032
-6.20311
-11.4381
-7.07478
-4.25933
-5.4472
-4.884
-15.8643
-12.44
-2.43522
-5.096
-13.7064
-5.22557
-2.62016
-9.34721
-4.16809
-9.02325
1.23797
-0.582195
0.009796
-6.00614
-15.5293
-4.97724
0.141926
-4.02187
-4.0066
0.734568
-4.75396
-5.18064
-5.30943
-3.53305
-1.6179
-7.61981
-1.89879
-7.6714
-4.87
-4.97928
-2.7845
-0.783363
0
-4.00752
-12.49
-2.20206
-2.03801
0.696858
-5.406
1.40536
1.73657
-3.99168
1.5476
1.14185
0.922157
-5.494
-10.9481
-5.944
0
0
1.21422
-0.392
-3.216
-3.326
0
-1.227
-2.549
-2.333
-2.188
-9.22769
-12.2217
0.087634
-10.2031
-7.96824
-5.60968
0.188007
-5.48377
-5.12919
-6.93765
1.07036
-6.6097
-7.70165
-4.70256
-10.4715
-13.4622
16.5549
-6.94491
-22.1872
-7.431
-7.09864
3.91355
-10.1664
-3.4605
-9.05494
-8.63685
-3.61984
-8.99098
-16.515
-10.1633
-5.59475
-7.74392
-6.725
-21.7655
-15.3928
-3.16823
-6.96332
-12.9631
-6.93134
-3.59516
-13.47
-5.93978
-11.2081
1.78528
-0.850371
0.013304
-8.38817
-21.7476
-6.93638
0.195431
-5.54565
-5.08017
1.05651
0
-7.5217
-7.01172
-5.1436
-2.32032
-8.26465
-2.3393
-11.3892
-6.967
-6.93491
-3.414
-1.08016
0
0
-17.5357
-3.34054
-2.88512
0.942284
-7.822
1.76267
2.46772
-5.81566
2.03955
1.6683
1.30615
-7.318
-15.3369
-7.943
0
0
1.80752
-0.542912
-4.53
-4.25
0
-1.855
-3.799
-3.556
-3.39
-5.30505
-7.18178
0.139234
-5.87675
-4.4428
-3.51499
0.113187
-3.45675
-3.66989
-4.6223
0.565277
-3.78763
-4.07167
-2.69835
0
-6.67883
10.2174
-4.24191
-13.4296
-4.285
0
2.07373
-6.25011
-2.3135
-4.44955
-5.01417
-2.21542
-5.16789
-8.50775
-5.95182
-3.52914
-4.62247
-3.645
-13.0168
-9.49757
-1.98143
-4.14869
-8.13842
-4.69482
-2.12265
-7.80915
-3.43353
-6.20974
1.08454
-0.497946
0.00802
-4.63291
-13.6599
-4.29081
0.116406
-3.47408
-3.58914
0.577342
-3.80254
-4.14744
0
-2.98195
-1.38624
-4.66082
-1.59047
-5.14174
-4.806
-5.07107
0
-0.622986
0
-2.95746
-11.1619
-1.91402
-1.7883
0.586482
-4.557
1.01741
1.42371
-3.38422
1.23985
0
0.800451
-4.194
-8.6115
-4.739
0
0
1.08135
-0.302656
-1.838
-1.873
0
-1.262
-2.323
-2.364
-2.363
